[gd_scene load_steps=8 format=2]

[ext_resource path="res://Assets/Objects/MapObjects/InventoryObjects/MagicStaff.gd" type="Script" id=1]

[sub_resource type="CylinderMesh" id=1]
top_radius = 0.04
bottom_radius = 0.04
height = 1.5

[sub_resource type="SpatialMaterial" id=2]
albedo_color = Color( 0.498039, 0.384314, 0.262745, 1 )
roughness = 0.49

[sub_resource type="CubeMesh" id=3]
size = Vector3( 0.075, 0.075, 0.3 )

[sub_resource type="SpatialMaterial" id=4]
albedo_color = Color( 0.458824, 0.458824, 0.458824, 1 )
metallic_specular = 1.0
roughness = 0.37

[sub_resource type="SphereMesh" id=5]
radius = 0.15
height = 0.3
radial_segments = 12

[sub_resource type="SpatialMaterial" id=6]
albedo_color = Color( 1, 0, 0, 0.623529 )
metallic_specular = 0.33
roughness = 0.0

[node name="MagicStaff" type="MeshInstance"]
script = ExtResource( 1 )

[node name="Handle" type="MeshInstance" parent="."]
transform = Transform( 0.707107, 0.707107, -1.15202e-07, 0, -1.62921e-07, -1, -0.707107, 0.707107, -1.15202e-07, 0.173096, 0, 0.126246 )
mesh = SubResource( 1 )
material/0 = SubResource( 2 )

[node name="GemHolder1" type="MeshInstance" parent="."]
transform = Transform( -3.09086e-08, -1, 0, 1, -3.09086e-08, 3.09086e-08, -3.09086e-08, 0, 1, -0.385239, 0.00794473, -0.507577 )
mesh = SubResource( 3 )
material/0 = SubResource( 4 )

[node name="GemHolder2" type="MeshInstance" parent="."]
transform = Transform( -3.09086e-08, 1.49012e-07, -1, 1, -3.09086e-08, -3.09086e-08, -3.09086e-08, -1, -1.49012e-07, -0.455949, 0.00794473, -0.436867 )
mesh = SubResource( 3 )
material/0 = SubResource( 4 )

[node name="GemHolder3" type="MeshInstance" parent="."]
transform = Transform( 0.707107, -0.5, 0.5, -1.62921e-07, 0.707107, 0.707107, -0.707107, -0.5, 0.5, -0.420594, -0.0420553, -0.472222 )
mesh = SubResource( 3 )
material/0 = SubResource( 4 )

[node name="GemHolder4" type="MeshInstance" parent="."]
transform = Transform( 0.707107, -0.5, -0.5, -1.62921e-07, -0.707107, 0.707107, -0.707107, -0.5, -0.5, -0.420594, 0.0579447, -0.472222 )
mesh = SubResource( 3 )
material/0 = SubResource( 4 )

[node name="Gem" type="MeshInstance" parent="."]
transform = Transform( 1, 0, 0, 0, 1, 0, 0, 0, 1, -0.501844, 0.0111968, -0.566283 )
mesh = SubResource( 5 )
material/0 = SubResource( 6 )
