[gd_scene load_steps=6 format=2]

[ext_resource path="res://Scripts/Objects/Items/ArcaneNecklace.gd" type="Script" id=1]

[sub_resource type="CylinderMesh" id=1]
top_radius = 0.05
bottom_radius = 0.05
height = 0.4
radial_segments = 6

[sub_resource type="SpatialMaterial" id=2]
albedo_color = Color( 0.501961, 0.415686, 0.27451, 1 )
roughness = 0.8

[sub_resource type="SphereMesh" id=3]
radius = 0.15
height = 0.3
radial_segments = 12
rings = 12

[sub_resource type="SpatialMaterial" id=4]
albedo_color = Color( 0, 0.741176, 1, 0.588235 )
roughness = 0.33

[node name="ArcaneNecklace" type="MeshInstance"]
transform = Transform( 0.7, 0, 0, 0, 0.7, 0, 0, 0, 0.7, 0, 0, 0 )
script = ExtResource( 1 )

[node name="NecklaceBand1" type="MeshInstance" parent="."]
transform = Transform( 0.792726, 0.609578, -9.93129e-08, 0, -1.62921e-07, -1, -0.609578, 0.792726, -1.29151e-07, -0.532864, 0, 0.264062 )
mesh = SubResource( 1 )
material/0 = SubResource( 2 )

[node name="NecklaceBand2" type="MeshInstance" parent="."]
transform = Transform( 0.138724, 0.990331, -1.61345e-07, 0, -1.62921e-07, -1, -0.990331, 0.138724, -2.2601e-08, -0.232593, 0, 0.455221 )
mesh = SubResource( 1 )
material/0 = SubResource( 2 )

[node name="NecklaceBand3" type="MeshInstance" parent="."]
transform = Transform( -0.6957, 0.718333, -1.17031e-07, 0, -1.62921e-07, -1, -0.718333, -0.6957, 1.13344e-07, 0.0960206, 0, 0.334306 )
mesh = SubResource( 1 )
material/0 = SubResource( 2 )

[node name="NecklaceBand4" type="MeshInstance" parent="."]
transform = Transform( -0.428572, 0.903507, -1.472e-07, 0, -1.62921e-07, -1, -0.903507, -0.428572, 6.98233e-08, 0.384084, 0, 0.125144 )
mesh = SubResource( 1 )
material/0 = SubResource( 2 )

[node name="NecklaceBand5" type="MeshInstance" parent="."]
transform = Transform( 0.603013, 0.797731, -1.29967e-07, 0, -1.62921e-07, -1, -0.797731, 0.603013, -9.82433e-08, 0.384084, 0, -0.0629392 )
mesh = SubResource( 1 )
material/0 = SubResource( 2 )

[node name="NecklaceBand6" type="MeshInstance" parent="."]
transform = Transform( 0.855274, 0.518176, -8.44216e-08, 0, -1.62921e-07, -1, -0.518176, 0.855274, -1.39342e-07, 0.139279, 0, -0.34287 )
mesh = SubResource( 1 )
material/0 = SubResource( 2 )

[node name="NecklaceBand7" type="MeshInstance" parent="."]
transform = Transform( 0.174594, 0.984641, -1.60418e-07, 0, -1.62921e-07, -1, -0.984641, 0.174594, -2.84449e-08, -0.139056, 0, -0.548812 )
mesh = SubResource( 1 )
material/0 = SubResource( 2 )

[node name="NecklaceBand8" type="MeshInstance" parent="."]
transform = Transform( -0.495565, 0.868571, -1.41508e-07, 0, -1.62921e-07, -1, -0.868571, -0.495565, 8.07378e-08, -0.479795, 0, -0.489808 )
mesh = SubResource( 1 )
material/0 = SubResource( 2 )

[node name="NecklaceBand9" type="MeshInstance" parent="."]
transform = Transform( -0.995045, 0.099424, -1.61982e-08, 0, -1.62921e-07, -1, -0.099424, -0.995045, 1.62113e-07, -0.644465, 0, -0.207453 )
mesh = SubResource( 1 )
material/0 = SubResource( 2 )

[node name="NecklaceBand10" type="MeshInstance" parent="."]
transform = Transform( -0.999951, -0.00989582, 1.61223e-09, 0, -1.62921e-07, -1, 0.00989582, -0.999951, 1.62913e-07, -0.644465, 0, -0.0524268 )
mesh = SubResource( 1 )
material/0 = SubResource( 2 )

[node name="MeshInstance" type="MeshInstance" parent="."]
transform = Transform( 1, 0, 0, 0, 1, 0, 0, 0, 1, 0.709813, 0, 0.0434695 )
mesh = SubResource( 3 )
material/0 = SubResource( 4 )
